timestamp,timestamp_sample,ref_timestamp,ref_lat,ref_lon,x,y,z,delta_xy[0],delta_xy[1],delta_z,vx,vy,vz,z_deriv,delta_vxy[0],delta_vxy[1],delta_vz,ax,ay,az,heading,delta_heading,ref_alt,dist_bottom,eph,epv,evh,evv,vxy_max,vz_max,hagl_min,hagl_max,xy_valid,z_valid,v_xy_valid,v_z_valid,xy_reset_counter,z_reset_counter,vxy_reset_counter,vz_reset_counter,heading_reset_counter,xy_global,z_global,dist_bottom_valid,dist_bottom_sensor_bitfield
696000,696000,0,nan,nan,7.0130016e-05,4.7674175e-06,2.9640607e-06,0.0,0.0,0.0,0.018583447,0.001255783,0.0012389527,0.0012467266,0.019643415,0.001344309,0.0,-0.07020138,-0.0089683905,0.29106617,1.5720544,1.5720686,nan,0.100015156,0.70622146,3.5000029,7.071068,0.45002156,inf,inf,inf,inf,0,1,0,1,1,0,1,0,1,0,0,1,2
996000,996000,0,nan,nan,-0.037804507,-0.0012529023,-0.004397449,0.0,0.0,0.0,-0.2751056,-0.0062336707,0.012162873,0.0063420907,0.019643415,0.001344309,0.0,0.8172589,-0.07869029,-0.7061288,1.5706416,1.5720686,nan,0.1,0.8984931,1.566597,4.530996,0.45399502,inf,inf,inf,inf,0,1,0,1,1,0,1,0,1,0,0,1,2
1500000,1500000,1200000,47.3977419,8.5455939,-0.2211566,0.0022545925,0.016940407,0.0,0.0,0.0,-0.66943675,-0.003748358,0.03513454,0.044318598,0.019643415,0.001344309,0.0,-0.9789775,-0.17090005,0.42347044,1.5709822,1.5720686,488.0398,0.100946076,0.88662785,0.9502621,1.9208342,0.47709867,inf,inf,inf,inf,0,1,0,1,1,0,1,0,1,1,1,1,2
2000000,2000000,1200000,47.3977419,8.5455939,-0.3332849,-0.0072909663,0.031958662,0.0,0.0,0.0,-0.8037743,-0.03544818,0.051031377,0.05036873,0.019643415,0.001344309,0.0,-0.82395154,-0.24920805,0.17288506,1.5710627,1.5720686,488.0398,0.1,0.5659171,0.80336565,1.2550324,0.51594216,inf,inf,inf,inf,0,1,0,1,1,0,1,0,1,1,1,1,2
2500000,2500000,1200000,47.3977419,8.5455939,-0.3607921,-0.017651418,0.026738666,0.0,0.0,0.0,-0.6811333,-0.03132928,0.03601958,0.0138494335,0.019643415,0.001344309,0.0,-0.52405196,0.0052520493,0.13737002,1.5706716,1.5720686,488.0398,0.1,0.665128,0.7666602,1.5695293,0.54883236,inf,inf,inf,inf,0,1,0,1,1,0,1,0,1,1,1,1,2
3000000,3000000,1200000,47.3977419,8.5455939,-0.18378861,-0.011876038,0.005163909,0.0,0.0,0.0,-0.17774284,-0.012608878,0.004557904,-0.027613122,0.019643415,0.001344309,0.0,0.13227423,-0.026328014,-0.06271625,1.5704275,1.5720686,488.0398,0.1,0.53638303,0.798412,1.2914374,0.56685954,inf,inf,inf,inf,0,1,0,1,1,0,1,0,1,1,1,1,2
3500000,3500000,1200000,47.3977419,8.5455939,0.093037434,0.0034836824,-0.0053677442,0.0,0.0,0.0,0.32650816,0.01710396,0.0067372154,-0.016387584,0.019643415,0.001344309,0.0,0.5850938,0.03287601,-0.15783408,1.570486,1.5720686,488.0398,0.10048298,0.17510669,0.8296515,0.8323643,0.57405704,inf,inf,inf,inf,0,1,0,1,1,0,1,0,1,1,1,1,2
4000000,4000000,1200000,47.3977419,8.5455939,0.23341683,0.014560901,0.0016120205,0.0,0.0,0.0,0.4445371,0.040618062,0.020680312,0.008098985,0.019643415,0.001344309,0.0,0.53512454,-0.022385161,-0.11457788,1.5705512,1.5720686,488.0398,0.10465099,0.2053897,0.8585263,0.64681965,0.5691886,inf,inf,inf,inf,0,1,0,1,1,0,1,0,1,1,1,1,2
4500000,4500000,1200000,47.3977419,8.5455939,0.20644692,0.01992737,0.012417507,0.0,0.0,0.0,0.3427149,0.043803006,0.034050886,0.02308824,0.019643415,0.001344309,0.0,0.3347422,0.017159747,0.10681704,1.5705725,1.5720686,488.0398,0.1,0.12507045,0.8747717,0.36019906,0.55278295,inf,inf,inf,inf,0,1,0,1,1,0,1,0,1,1,1,1,2
5000000,5000000,1200000,47.3977419,8.5455939,0.1520561,0.011157965,0.021283833,0.0,0.0,0.0,0.25506356,0.014488865,0.042432345,0.027277986,0.019643415,0.001344309,0.0,0.28641802,0.022468964,-0.059367217,1.5701206,1.5720686,488.0398,0.1,0.14345297,0.8792003,0.36421326,0.5308039,inf,inf,inf,inf,0,1,0,1,1,0,1,0,1,1,1,1,2
5500000,5500000,1200000,47.3977419,8.5455939,0.103427485,0.00037614012,0.029225692,0.0,0.0,0.0,0.18106021,0.00075732963,0.047896508,0.02781609,0.019643415,0.001344309,0.0,0.17017315,-0.06897946,-0.19529466,1.5609585,-0.007468984,488.0398,0.1,0.1487714,0.87531465,0.2861005,0.5069536,inf,inf,inf,inf,0,1,0,1,1,0,1,0,2,1,1,1,2
6000000,6000000,1200000,47.3977419,8.5455939,0.02627954,-0.0026360864,0.01866235,-0.026663475,0.00025859685,0.0,0.08781166,-0.0046033217,0.010634594,-0.011483603,-0.10438153,-0.0015442814,-0.048996255,0.12666795,-0.07902325,-0.17886427,1.5595675,-0.007468984,488.0398,0.1,0.8188158,0.74372697,0.25762105,0.20169279,inf,inf,inf,inf,1,1,1,1,2,0,2,1,2,1,1,1,0
6500000,6500000,1200000,47.3977419,8.5455939,0.036868647,-0.010316724,0.018614532,-0.026663475,0.00025859685,0.0,0.13171121,-0.03718179,0.019523956,0.0009961487,-0.10438153,-0.0015442814,-0.048996255,0.20294148,-0.0076708915,0.15093938,1.55836,-0.007468984,488.0398,0.1,0.7190086,0.6550994,0.30590826,0.2001059,inf,inf,inf,inf,1,1,1,1,2,0,2,1,2,1,1,1,0
7000000,7000000,1200000,47.3977419,8.5455939,0.043282438,-0.019730356,0.016291367,-0.026663475,0.00025859685,0.0,0.123378396,-0.056903835,0.031052135,0.007134188,-0.10438153,-0.0015442814,-0.048996255,0.22434011,-0.06429167,-0.06381149,1.5577971,-0.007468984,488.0398,0.1,0.66166586,0.6054313,0.3463285,0.20633121,inf,inf,inf,inf,1,1,1,1,2,0,2,1,2,1,1,1,0
7500000,7500000,1200000,47.3977419,8.5455939,0.031474844,-0.02271727,0.014089723,-0.026663475,0.00025859685,0.0,0.09022794,-0.05899393,0.043117963,0.012000614,-0.10438153,-0.0015442814,-0.048996255,0.09538723,0.085625656,-0.0029318666,1.5582218,-0.007468984,488.0398,0.1,0.6304316,0.57668567,0.37096667,0.21551754,inf,inf,inf,inf,1,1,1,1,2,0,2,1,2,1,1,1,0
8000000,8000000,1200000,47.3977419,8.5455939,0.0041769687,-0.009473696,0.0130945705,-0.026663475,0.00025859685,0.0,0.046980254,-0.027073003,0.045918792,0.007514969,-0.10438153,-0.0015442814,-0.048996255,0.075541735,0.06854343,-0.05180674,1.5600327,-0.007468984,488.0398,0.1,0.5484285,0.5414815,0.3057839,0.20388687,inf,inf,inf,inf,1,1,1,1,2,0,2,1,2,1,1,1,0
8500000,8500000,1200000,47.3977419,8.5455939,-0.0052271048,-0.003906443,0.01687256,-0.026663475,0.00025859685,0.0,0.037335407,-0.024917686,0.051559933,0.014227986,-0.10438153,-0.0015442814,-0.048996255,0.095511384,-0.018749243,-0.016459327,1.562875,-0.007468984,488.0398,0.1,0.5474242,0.5326836,0.34066668,0.21314515,inf,inf,inf,inf,1,1,1,1,2,0,2,1,2,1,1,1,0
9000000,9000000,1200000,47.3977419,8.5455939,-0.0073790625,0.00075475936,0.020345036,-0.026663475,0.00025859685,0.0,0.028510816,-0.019691108,0.050855126,0.012441168,-0.10438153,-0.0015442814,-0.048996255,0.0895529,0.060499374,0.122076765,1.5650163,-0.007468984,488.0398,0.1,0.49368456,0.5078898,0.2772723,0.19753285,inf,inf,inf,inf,1,1,1,1,2,0,2,1,2,1,1,1,0
9500000,9500000,1200000,47.3977419,8.5455939,-0.012505293,0.0026263893,0.022103813,-0.026663475,0.00025859685,0.0,0.0137362415,-0.020020075,0.054611262,0.012669557,-0.10438153,-0.0015442814,-0.048996255,0.07152845,-0.02785699,-0.045739174,1.5670484,-0.007468984,488.0398,0.1,0.49811357,0.5057821,0.2984373,0.20169823,inf,inf,inf,inf,1,1,1,1,2,0,2,1,2,1,1,1,0
10000000,10000000,1200000,47.3977419,8.5455939,-0.0133129675,0.0018686205,0.02430974,-0.026663475,0.00025859685,0.0,0.010746837,-0.0039923396,0.06390195,0.019741053,-0.10438153,-0.0015442814,-0.048996255,-0.0066613364,-0.053415332,0.022059241,1.5689104,-0.007468984,488.0398,0.1,0.50649524,0.5059946,0.31794977,0.20399092,inf,inf,inf,inf,1,1,1,1,2,0,2,1,2,1,1,1,0
10500000,10500000,1200000,47.3977419,8.5455939,-0.010801535,0.0054738717,0.02721073,-0.026663475,0.00025859685,0.0,0.0045465855,-0.002934771,0.061569456,0.013663253,-0.10438153,-0.0015442814,-0.048996255,0.081061415,0.02543695,0.16717978,1.5706228,-0.007468984,488.0398,0.1,0.518156,0.50761664,0.33520624,0.20468463,inf,inf,inf,inf,1,1,1,1,2,0,2,1,2,1,1,1,0
11000000,11000000,1200000,47.3977419,8.5455939,-0.00882457,0.0047739353,0.030244004,-0.026663475,0.00025859685,0.0,0.00045527815,-0.011724359,0.061404273,0.012741795,-0.10438153,-0.0015442814,-0.048996255,0.0577388,0.05053447,0.0365143,1.5729166,-0.007468984,488.0398,0.1,0.47295418,0.49436006,0.26736328,0.18663816,inf,inf,inf,inf,1,1,1,1,2,0,2,1,2,1,1,1,0
11500000,11500000,1200000,47.3977419,8.5455939,-0.011193833,0.003673729,0.031013168,-0.026663475,0.00025859685,0.0,-0.013092494,-0.0003079833,0.06730069,0.013910265,-0.10438153,-0.0015442814,-0.048996255,0.002093052,0.008707092,-0.26417062,1.5742295,-0.007468984,488.0398,0.1,0.48294494,0.4969856,0.27999586,0.1862742,inf,inf,inf,inf,1,1,1,1,2,0,2,1,2,1,1,1,0
12000000,12000000,1200000,47.3977419,8.5455939,-0.0070777093,0.0055148047,0.030698016,-0.026663475,0.00025859685,0.0,-0.0102197565,0.0034233767,0.06924348,0.011449906,-0.10438153,-0.0015442814,-0.048996255,0.10254079,0.030272162,0.18060108,1.5758363,-0.007468984,488.0398,0.1,0.49463066,0.49982077,0.2905698,0.1851067,inf,inf,inf,inf,1,1,1,1,2,0,2,1,2,1,1,1,0
12500000,12500000,1200000,47.3977419,8.5455939,-0.004550532,0.003565038,0.038799677,-0.026663475,0.00025859685,0.0,-0.008237078,-0.0026727507,0.07756187,0.021996647,-0.10438153,-0.0015442814,-0.048996255,-0.041146647,0.072188,0.10539677,1.5774659,-0.007468984,488.0398,0.1,0.508384,0.5027763,0.30057457,0.18346329,inf,inf,inf,inf,1,1,1,1,2,0,2,1,2,1,1,1,0
13000000,13000000,1200000,47.3977419,8.5455939,-0.005067577,0.005308741,0.050549828,-0.026663475,0.00025859685,0.0,-0.0101428,0.009840177,0.090333074,0.03446717,-0.10438153,-0.0015442814,-0.048996255,-0.045691155,-0.07485242,-0.17124791,1.5782456,-0.007468984,488.0398,0.1,0.4671344,0.4875802,0.24676274,0.16823016,inf,inf,inf,inf,1,1,1,1,2,0,2,1,2,1,1,1,0
13500000,13500000,1200000,47.3977419,8.5455939,-0.00437508,0.0067580645,0.047346,-0.026663475,0.00025859685,0.0,-0.010043218,0.009603879,0.07920619,0.009964246,-0.10438153,-0.0015442814,-0.048996255,-0.029999131,0.029525066,0.13518886,1.5795617,-0.007468984,488.0398,0.1,0.4784634,0.49039644,0.2551269,0.16679864,inf,inf,inf,inf,1,1,1,1,2,0,2,1,2,1,1,1,0
14000000,14000000,1200000,47.3977419,8.5455939,-0.008776789,0.0046482193,0.044563588,-0.026663475,0.00025859685,0.0,-0.019065762,0.015243597,0.082608625,0.008321521,-0.10438153,-0.0015442814,-0.048996255,-0.051725,0.08569891,0.032441627,1.581038,-0.007468984,488.0398,0.1,0.49115512,0.49304035,0.26263314,0.16508739,inf,inf,inf,inf,1,1,1,1,2,0,2,1,2,1,1,1,0
14500000,14500000,1200000,47.3977419,8.5455939,-0.010147875,0.0028994041,0.052365035,-0.026663475,0.00025859685,0.0,-0.024700772,-0.00079415564,0.089420505,0.017401593,-0.10438153,-0.0015442814,-0.048996255,0.0121335825,-0.020062905,0.08355726,1.5813202,-0.007468984,488.0398,0.1,0.5051061,0.4954274,0.26928,0.16315562,inf,inf,inf,inf,1,1,1,1,2,0,2,1,2,1,1,1,0
15000000,15000000,1200000,47.3977419,8.5455939,-0.010659539,0.0076853014,0.06192821,-0.026663475,0.00025859685,0.0,-0.02620222,0.03441934,0.09208475,0.022624863,-0.10438153,-0.0015442814,-0.048996255,-0.14242506,0.06899001,0.004427444,1.5818201,-0.007468984,488.0398,0.1,0.46542948,0.48255345,0.22759736,0.15164489,inf,inf,inf,inf,1,1,1,1,2,0,2,1,2,1,1,1,0
15500000,15500000,1200000,47.3977419,8.5455939,-0.0061431993,0.015002468,0.05588941,-0.026663475,0.00025859685,0.0,-0.018047616,0.060920652,0.089039646,0.008407467,-0.10438153,-0.0015442814,-0.048996255,0.06724695,0.08557427,-0.14213291,1.5830284,-0.007468984,488.0398,0.1,0.4769185,0.4846512,0.2334815,0.15009592,inf,inf,inf,inf,1,1,1,1,2,0,2,1,2,1,1,1,0
16000000,16000000,1200000,47.3977419,8.5455939,-0.0031993275,0.014260318,0.05516824,-0.026663475,0.00025859685,0.0,-0.017592873,0.055752844,0.08299404,0.0009692405,-0.10438153,-0.0015442814,-0.048996255,-0.06798992,0.034583326,0.012504805,1.5837795,-0.007468984,488.0398,0.1,0.48962644,0.48654243,0.23937654,0.14847144,inf,inf,inf,inf,1,1,1,1,2,0,2,1,2,1,1,1,0
16500000,16500000,1200000,47.3977419,8.5455939,-5.193866e-05,0.007787767,0.06386348,-0.026663475,0.00025859685,0.0,-0.002235101,0.044971645,0.09000824,0.014321011,-0.10438153,-0.0015442814,-0.048996255,0.081379816,0.06583109,0.08703947,1.5846157,-0.007468984,488.0398,0.1,0.50329244,0.4881848,0.24872285,0.14676309,inf,inf,inf,inf,1,1,1,1,2,0,2,1,2,1,1,1,0
17000000,17000000,1200000,47.3977419,8.5455939,0.0028092104,0.008843157,0.07042536,-0.026663475,0.00025859685,0.0,-0.00055219035,0.0385296,0.084403016,0.012290399,-0.10438153,-0.0015442814,-0.048996255,0.029804835,-0.09446247,0.029180134,1.5842862,-0.007468984,488.0398,0.10003668,0.4651978,0.47709396,0.24078876,0.13800813,inf,inf,inf,inf,1,1,1,1,2,0,2,1,2,1,1,1,0
17500000,17500000,1200000,47.3977419,8.5455939,0.00535234,-0.006690059,0.069544695,-0.026663475,0.00025859685,0.0,0.00024758943,-0.004265377,0.07745966,0.0025963825,-0.10438153,-0.0015442814,-0.048996255,-0.07401414,0.07918039,-0.025142977,1.5844672,-0.007468984,488.0398,0.102060296,0.47644782,0.47852355,0.27385548,0.13669142,inf,inf,inf,inf,1,1,1,1,2,0,2,1,2,1,1,1,0
18000000,18000000,1200000,47.3977419,8.5455939,0.0044308505,-0.011241438,0.07484039,-0.026663475,0.00025859685,0.0,-0.0023503103,-0.0025089923,0.073499344,0.0037384343,-0.10438153,-0.0015442814,-0.048996255,0.011973065,0.051717255,0.033475395,1.5842052,-0.007468984,488.0398,0.10332257,0.48924577,0.47974584,0.29244816,0.13539232,inf,inf,inf,inf,1,1,1,1,2,0,2,1,2,1,1,1,0
18500000,18500000,1200000,47.3977419,8.5455939,0.0037895816,-0.011514306,0.08383702,-0.026663475,0.00025859685,0.0,0.0015610412,-0.0013608373,0.076079644,0.0122584,-0.10438153,-0.0015442814,-0.048996255,0.00796626,0.025630042,-0.015133122,1.5843344,-0.007468984,488.0398,0.1,0.5038577,0.4807725,0.2990765,0.1341914,inf,inf,inf,inf,1,1,1,1,2,0,2,1,2,1,1,1,0
19000000,19000000,1200000,47.3977419,8.5455939,0.0033495235,-0.0074039493,0.069172725,-0.026663475,0.00025859685,0.0,-0.00032766472,0.008940414,-0.014662652,-0.0758786,-0.10438153,-0.0015442814,-0.048996255,-0.039091885,0.1482561,-0.23583513,1.5816108,-0.007468984,488.0398,0.1207764,0.46450034,0.47547227,0.24103005,0.12827766,inf,inf,inf,inf,1,1,1,1,2,0,2,1,2,1,1,1,0
19500000,19500000,1200000,47.3977419,8.5455939,0.005017371,0.07800186,0.02386479,-0.026663475,0.00025859685,0.0,0.011973394,0.37819052,0.11722737,0.051321924,-0.10438153,-0.0015442814,-0.048996255,0.061121773,0.7287848,0.6213932,1.5740054,-0.007468984,488.0398,0.16608433,0.476359,0.47640887,0.24152298,0.12769951,inf,inf,inf,inf,1,1,1,1,2,0,2,1,2,1,1,1,0
20000000,20000000,1200000,47.3977419,8.5455939,0.014463131,0.28686687,-0.016153958,-0.026663475,0.00025859685,0.0,0.026814474,0.32734966,-0.19968253,-0.26479292,-0.10438153,-0.0015442814,-0.048996255,0.03352942,-0.4448008,-0.21007569,1.5532504,-0.007468984,488.0398,0.20610309,0.48929635,0.47723413,0.2402212,0.12732288,inf,inf,inf,inf,1,1,1,1,2,0,2,1,2,1,1,1,0
20500000,20500000,1200000,47.3977419,8.5455939,0.043395974,0.43339962,-0.18807398,-0.026663475,0.00025859685,0.0,0.052343275,0.28000945,-0.2887313,-0.3547958,-0.10438153,-0.0015442814,-0.048996255,0.00663727,0.218887,0.107048005,1.5524424,-0.007468984,488.0398,0.3780231,0.50301427,0.477969,0.23813851,0.12711978,inf,inf,inf,inf,1,1,1,1,2,0,2,1,2,1,1,1,0
21000000,21000000,1200000,47.3977419,8.5455939,0.081188865,0.5954903,-0.37426627,-0.026663475,0.00025859685,0.0,0.06841428,0.30817232,-0.34635013,-0.4124605,-0.10438153,-0.0015442814,-0.048996255,-0.0076251584,-0.25344956,-0.046394825,1.5605627,-0.007468984,488.0398,0.5642154,0.46469307,0.4692584,0.20235185,0.12233215,inf,inf,inf,inf,1,1,1,1,2,0,2,1,2,1,1,1,0
21500000,21500000,1200000,47.3977419,8.5455939,0.12131578,0.706762,-0.6001155,-0.026663475,0.00025859685,0.0,0.042031843,0.050447334,-0.4127595,-0.47870892,-0.10438153,-0.0015442814,-0.048996255,-0.061951764,-0.8335905,-0.03850559,1.5646254,-0.007468984,488.0398,0.7900646,0.47636786,0.47003263,0.20260325,0.122661434,inf,inf,inf,inf,1,1,1,1,2,0,2,1,2,1,1,0,0
22000000,22000000,1200000,47.3977419,8.5455939,0.12040847,0.6214197,-0.86110175,-0.026663475,0.00025859685,0.0,-0.04513165,-0.4660285,-0.55813456,-0.6216749,-0.10438153,-0.0015442814,-0.048996255,-0.15128334,-1.061966,-0.49019888,1.5653405,-0.007468984,488.0398,1.0510509,0.48849842,0.4707738,0.20366634,0.12312117,inf,inf,inf,inf,1,1,1,1,2,0,2,1,2,1,1,0,0
22500000,22500000,1200000,47.3977419,8.5455939,0.083092995,0.34253436,-1.1878326,-0.026663475,0.00025859685,0.0,-0.09194523,-0.5921638,-0.52290285,-0.5904573,-0.10438153,-0.0015442814,-0.048996255,0.0069217035,0.25668484,0.3071408,1.5652344,-0.007468984,488.0398,1.3777817,0.50097007,0.47155905,0.20521146,0.12372608,inf,inf,inf,inf,1,1,1,1,2,0,2,1,2,1,1,0,0
23000000,23000000,1200000,47.3977419,8.5455939,0.029618016,0.06723161,-1.4873915,-0.026663475,0.00025859685,0.0,-0.08990677,-0.5154518,-0.5513374,-0.62248504,-0.10438153,-0.0015442814,-0.048996255,0.042091936,0.1657533,0.03711314,1.567855,-0.007468984,488.0398,1.6773406,0.46457645,0.46382555,0.18230993,0.1199212,inf,inf,inf,inf,1,1,1,1,2,0,2,1,2,1,1,0,0
23500000,23500000,1200000,47.3977419,8.5455939,-0.023051115,-0.15879051,-1.769856,-0.026663475,0.00025859685,0.0,-0.058598172,-0.32757515,-0.34796938,-0.4296259,-0.10438153,-0.0015442814,-0.048996255,0.05600259,0.55632764,0.45800292,1.5688224,-0.006857901,488.0398,1.9598051,0.4755283,0.46473384,0.19195643,0.12084698,inf,inf,inf,inf,1,1,1,1,2,0,2,1,3,1,1,0,0
24000000,24000000,1200000,47.3977419,8.5455939,-0.054923307,-0.26722744,-1.9320008,-0.026663475,0.00025859685,0.0,-0.016291467,-0.1168463,-0.13116108,-0.21558549,-0.10438153,-0.0015442814,-0.048996255,0.14934933,0.24592753,0.31469008,1.570792,-0.006857901,488.0398,2.12195,0.48624182,0.46574643,0.22815357,0.12191874,inf,inf,inf,inf,1,1,1,1,2,0,2,1,3,1,1,0,0
24500000,24500000,1200000,47.3977419,8.5455939,-0.06777812,-0.30916342,-2.0427523,-0.026663475,0.00025859685,0.0,0.008856752,-0.055543803,-0.20746246,-0.29077584,-0.10438153,-0.0015442814,-0.048996255,0.085106194,-0.12580271,-0.40016142,1.5689466,-0.006857901,488.0398,2.2327013,0.4984221,0.4668315,0.26365647,0.122965485,inf,inf,inf,inf,1,1,1,1,2,0,2,1,3,1,1,0,0
25000000,25000000,1200000,47.3977419,8.5455939,-0.065555684,-0.34295487,-2.244916,-0.026663475,0.00025859685,0.0,0.026941614,0.021155199,-0.3676333,-0.4453152,-0.10438153,-0.0015442814,-0.048996255,0.0711805,0.55568534,0.3355992,1.5692284,-0.006857901,488.0398,2.434865,0.46327376,0.45982888,0.23536222,0.11952023,inf,inf,inf,inf,1,1,1,1,2,0,2,1,3,1,1,0,0
25500000,25500000,1200000,47.3977419,8.5455939,-0.05305014,-0.2850123,-2.4114666,-0.026663475,0.00025859685,0.0,0.029707344,0.15445484,-0.10456433,-0.18511944,-0.10438153,-0.0015442814,-0.048996255,-0.04529077,-0.19125627,0.5660792,1.570055,-0.006857901,488.0398,2.6014156,0.47419104,0.46105054,0.24243516,0.12068932,inf,inf,inf,inf,1,1,1,1,2,0,2,1,3,1,1,0,0
26000000,26000000,1200000,47.3977419,8.5455939,-0.04108418,-0.24368729,-2.4513454,-0.026663475,0.00025859685,0.0,0.02473492,0.0959008,0.070799276,-0.0070729186,-0.10438153,-0.0015442814,-0.048996255,-0.03880703,0.18384956,0.24580948,1.5687941,-0.006857901,488.0398,2.6412945,0.48672163,0.4623775,0.24479015,0.1217872,inf,inf,inf,inf,1,1,1,1,2,0,2,1,3,1,1,0,0
26500000,26500000,1200000,47.3977419,8.5455939,-0.026182668,-0.17815964,-2.42903,-0.026663475,0.00025859685,0.0,0.019562516,0.15178683,0.1569899,0.08114832,-0.10438153,-0.0015442814,-0.048996255,-0.0156128835,-0.19953598,0.16995978,1.5693675,-0.006857901,488.0398,2.618979,0.50039685,0.46382013,0.24477002,0.12294109,inf,inf,inf,inf,1,1,1,1,2,0,2,1,3,1,1,0,0
27000000,27000000,1200000,47.3977419,8.5455939,-0.012021093,-0.13594514,-2.4057362,-0.026663475,0.00025859685,0.0,0.0045576687,0.09238085,0.0037471196,-0.06742252,-0.10438153,-0.0015442814,-0.048996255,-0.01325451,0.26797715,-0.079519175,1.5695916,-0.006857901,488.0398,2.5956852,0.46353537,0.46121034,0.2082259,0.12008473,inf,inf,inf,inf,1,1,1,1,2,0,2,1,3,1,1,0,0
27500000,27500000,1200000,47.3977419,8.5455939,0.0069559435,-0.015435006,-2.3639615,-0.026663475,0.00025859685,0.0,0.0027767527,0.3889611,0.22362182,0.15845256,-0.10438153,-0.0015442814,-0.048996255,0.06372636,0.047741886,-0.6290535,1.5696644,-0.006857901,488.0398,2.5539105,0.47514933,0.46275303,0.2075618,0.121278204,inf,inf,inf,inf,1,1,1,1,2,0,2,1,3,1,1,0,0
28000000,28000000,1200000,47.3977419,8.5455939,0.03531748,0.15316065,-2.3721833,-0.026663475,0.00025859685,0.0,0.006259082,0.31071982,-0.07142508,-0.1296767,-0.10438153,-0.0015442814,-0.048996255,-0.045977052,-0.033542804,-0.17878139,1.569882,-0.006857901,488.0398,2.5621324,0.48728657,0.46438223,0.2093943,0.12245233,inf,inf,inf,inf,1,1,1,1,2,0,2,1,3,1,1,0,0
28500000,28500000,1200000,47.3977419,8.5455939,0.05514654,0.31455046,-2.4344385,-0.026663475,0.00025859685,0.0,-0.0072100004,0.36056775,0.0021920328,-0.05132287,-0.10438153,-0.0015442814,-0.048996255,-0.062396158,0.33309036,0.4374738,1.569236,-0.006857901,488.0398,2.6243875,0.49985772,0.46607584,0.20992586,0.12361043,inf,inf,inf,inf,1,1,1,1,2,0,2,1,3,1,1,0,0
29000000,29000000,1200000,47.3977419,8.5455939,0.0672733,0.51483035,-2.4309998,-0.026663475,0.00025859685,0.0,-0.015203841,0.4225173,0.045353323,-0.005520479,-0.10438153,-0.0015442814,-0.048996255,-0.013955818,-0.017908253,0.28144282,1.5698714,-0.006857901,488.0398,2.6209488,0.46403092,0.45958734,0.18502325,0.12021704,inf,inf,inf,inf,1,1,1,1,2,0,2,1,3,1,1,0,0
29500000,29500000,1200000,47.3977419,8.5455939,0.07985988,0.7059252,-2.44369,-0.026663475,0.00025859685,0.0,-0.015854983,0.4001493,-0.029636094,-0.07924348,-0.10438153,-0.0015442814,-0.048996255,0.018768495,-0.13675152,-0.3660722,1.5701005,-0.006857901,488.0398,2.633639,0.47488004,0.46128747,0.18850756,0.1213878,inf,inf,inf,inf,1,1,1,1,2,0,2,1,3,1,1,0,0
30000000,30000000,1200000,47.3977419,8.5455939,0.09237365,0.8849925,-2.4844553,-0.026663475,0.00025859685,0.0,-0.02004154,0.36491537,-0.08154164,-0.12702027,-0.10438153,-0.0015442814,-0.048996255,-0.023802973,-0.018775757,-0.2497463,1.5702332,-0.006857901,488.0398,2.6744044,0.48611438,0.46304864,0.193186,0.1225385,inf,inf,inf,inf,1,1,1,1,2,0,2,1,3,1,1,0,0
30500000,30500000,1200000,47.3977419,8.5455939,0.10731736,1.0572896,-2.5359323,-0.026663475,0.00025859685,0.0,-0.02216629,0.36107504,-0.03866546,-0.08173672,-0.10438153,-0.0015442814,-0.048996255,0.045734312,0.0069623482,-0.19352143,1.5699013,-0.006857901,488.0398,2.7258813,0.4977678,0.46486047,0.1979734,0.123663686,inf,inf,inf,inf,1,1,1,1,2,0,2,1,3,1,1,0,0
31000000,31000000,1200000,47.3977419,8.5455939,0.13094537,1.2291919,-2.5950062,-0.026663475,0.00025859685,0.0,-0.016486531,0.34283316,0.08094903,0.03934559,-0.10438153,-0.0015442814,-0.048996255,-0.07818943,-0.074660346,0.48783693,1.5695438,-0.006857901,488.0398,2.7849553,0.46325633,0.4584546,0.1814096,0.120225966,inf,inf,inf,inf,1,1,1,1,2,0,2,1,3,1,1,0,0
31500000,31500000,1200000,47.3977419,8.5455939,0.15265769,1.3895926,-2.6039062,-0.026663475,0.00025859685,0.0,-0.017052611,0.3489709,0.004657199,-0.03600845,-0.10438153,-0.0015442814,-0.048996255,-0.0040982645,0.008566778,-0.31299987,1.5688885,-0.006857901,488.0398,2.7938552,0.47360075,0.46022624,0.18676853,0.12136345,inf,inf,inf,inf,1,1,1,1,2,0,2,1,3,1,1,0,0
32000000,32000000,1200000,47.3977419,8.5455939,0.17174028,1.5490727,-2.6120317,-0.026663475,0.00025859685,0.0,-0.020857867,0.33474782,-0.042764217,-0.08038996,-0.10438153,-0.0015442814,-0.048996255,-0.062916934,-0.05448376,-0.45573157,1.568506,-0.006857901,488.0398,2.8019807,0.48457316,0.4620225,0.19435094,0.122474775,inf,inf,inf,inf,1,1,1,1,2,0,2,1,3,1,1,0,0
32500000,32500000,1200000,47.3977419,8.5455939,0.18288131,1.6967103,-2.6177,-0.026663475,0.00025859685,0.0,-0.03047194,0.32762724,-0.0453485,-0.07981091,-0.10438153,-0.0015442814,-0.048996255,-0.06841929,0.05932876,-0.33514112,1.5682696,-0.006857901,488.0398,2.8076491,0.49632254,0.46385345,0.20240891,0.12356943,inf,inf,inf,inf,1,1,1,1,2,0,2,1,3,1,1,0,0
33000000,33000000,1200000,47.3977419,8.5455939,0.19203503,1.8417197,-2.6399806,-0.026663475,0.00025859685,0.0,-0.03290096,0.30839166,-0.02602901,-0.058883794,-0.10438153,-0.0015442814,-0.048996255,-0.012208686,-0.070464246,-0.34286085,1.568312,-0.006857901,488.0398,2.8299296,0.46230617,0.4575009,0.1847457,0.12011991,inf,inf,inf,inf,1,1,1,1,2,0,2,1,3,1,1,0,0
33500000,33500000,1200000,47.3977419,8.5455939,0.20947,1.9729769,-2.6522665,-0.026663475,0.00025859685,0.0,-0.027355108,0.29989204,-0.04080799,-0.071024865,-0.10438153,-0.0015442814,-0.048996255,-0.0213752,0.060901284,-0.02640492,1.5681643,-0.006857901,488.0398,2.8422155,0.47288692,0.45925605,0.1925316,0.12123184,inf,inf,inf,inf,1,1,1,1,2,0,2,1,3,1,1,0,0
34000000,34000000,1200000,47.3977419,8.5455939,0.22315352,2.1137018,-2.6758685,-0.026663475,0.00025859685,0.0,-0.022474257,0.30408856,-0.032464202,-0.057906277,-0.10438153,-0.0015442814,-0.048996255,-0.019857801,-0.09912923,0.0048958994,1.5675352,-0.006857901,488.0398,2.8658175,0.48433506,0.46105644,0.19958282,0.122331396,inf,inf,inf,inf,1,1,1,1,2,0,2,1,3,1,1,0,0
34500000,34500000,1200000,47.3977419,8.5455939,0.23610425,2.2480958,-2.696135,-0.026663475,0.00025859685,0.0,-0.021143688,0.29560345,-0.02212882,-0.0461145,-0.10438153,-0.0015442814,-0.048996255,-0.11842836,0.043154936,-0.06991072,1.5669932,-0.006857901,488.0398,2.886084,0.49661142,0.46698585,0.20624062,0.12394803,inf,inf,inf,inf,1,1,1,1,2,0,2,1,3,1,1,0,0
35000000,35000000,1200000,47.3977419,8.5455939,0.25837976,2.3827522,-2.686569,-0.026663475,0.00025859685,0.0,0.09233931,0.24785718,0.17055759,0.14929168,-0.10438153,-0.0015442814,-0.048996255,0.8498778,-0.5567969,-0.37888628,1.5649185,-0.006857901,488.0398,2.876518,0.46226737,0.46049437,0.18565272,0.12045993,inf,inf,inf,inf,1,1,1,1,2,0,2,1,3,1,1,0,0
35500000,35500000,1200000,47.3977419,8.5455939,0.4004227,2.4224558,-2.620085,-0.026663475,0.00025859685,0.0,0.34012794,-0.015426731,0.21326269,0.19501251,-0.10438153,-0.0015442814,-0.048996255,0.26003438,-0.08290212,0.3009978,1.5694916,-0.006857901,488.0398,2.810034,0.47313714,0.4623011,0.19174738,0.12156537,inf,inf,inf,inf,1,1,1,1,2,0,2,1,3,1,1,0,0
36000000,36000000,1200000,47.3977419,8.5455939,0.6121619,2.4230742,-2.4761152,-0.026663475,0.00025859685,0.0,0.40701982,0.019153785,0.3255586,0.31140405,-0.10438153,-0.0015442814,-0.048996255,-0.018602513,-0.110789604,-0.45253992,1.5703232,-0.006857901,488.0398,2.6660643,0.48477617,0.4641064,0.196104,0.12266701,inf,inf,inf,inf,1,1,1,1,2,0,2,1,3,1,1,0,0
36500000,36500000,1200000,47.3977419,8.5455939,0.83048105,2.41247,-2.3535252,-0.026663475,0.00025859685,0.0,0.38733965,-0.04807951,0.17520754,0.16048747,-0.10438153,-0.0015442814,-0.048996255,-0.14728597,0.108132765,-0.12436794,1.567225,-0.006857901,488.0398,2.5434742,0.49718976,0.46595472,0.20384575,0.12376399,inf,inf,inf,inf,1,1,1,1,2,0,2,1,3,1,1,0,0
37000000,37000000,1200000,47.3977419,8.5455939,1.0239666,2.418934,-2.2835364,-0.026663475,0.00025859685,0.0,0.35063618,0.013942673,0.1391402,0.11932557,-0.10438153,-0.0015442814,-0.048996255,-0.1082601,-0.10615706,-0.21717888,1.563051,-0.006857901,488.0398,2.4734855,0.46241835,0.4595093,0.18430187,0.12030027,inf,inf,inf,inf,1,1,1,1,2,0,2,1,3,1,1,0,0
37500000,37500000,1200000,47.3977419,8.5455939,1.2046945,2.4148612,-2.277781,-0.026663475,0.00025859685,0.0,0.37014616,-0.05393436,-0.01609189,-0.034568757,-0.10438153,-0.0015442814,-0.048996255,0.17542042,-0.06398225,-0.39381444,1.5624745,-0.006857901,488.0398,2.46773,0.4734255,0.4612786,0.19020173,0.12142502,inf,inf,inf,inf,1,1,1,1,2,0,2,1,3,1,1,0,0
38000000,38000000,1200000,47.3977419,8.5455939,1.39175,2.4011037,-2.3002636,-0.026663475,0.00025859685,0.0,0.38048765,-0.05735184,-0.016878216,-0.03217148,-0.10438153,-0.0015442814,-0.048996255,0.03811996,-0.14168553,-0.7930994,1.5634407,-0.006857901,488.0398,2.4902127,0.4851661,0.46309334,0.19491598,0.12254004,inf,inf,inf,inf,1,1,1,1,2,0,2,1,3,1,1,0,0
38500000,38500000,1200000,47.3977419,8.5455939,1.5778357,2.3721988,-2.345877,-0.026663475,0.00025859685,0.0,0.3514311,-0.058247615,-0.097142175,-0.10744421,-0.10438153,-0.0015442814,-0.048996255,-0.014278038,0.19879663,0.0076479577,1.5631049,-0.006857901,488.0398,2.535826,0.49752128,0.4649075,0.20015407,0.123633586,inf,inf,inf,inf,1,1,1,1,2,0,2,1,3,1,1,0,0
39000000,39000000,1200000,47.3977419,8.5455939,1.7506225,2.368519,-2.395993,-0.026663475,0.00025859685,0.0,0.3315694,-0.014455826,-0.073152445,-0.08518717,-0.10438153,-0.0015442814,-0.048996255,0.0050642453,-0.099501036,0.007212098,1.5614053,-0.006857901,488.0398,2.585942,0.4626761,0.45850104,0.18042922,0.12018397,inf,inf,inf,inf,1,1,1,1,2,0,2,1,3,1,1,0,0
39500000,39500000,1200000,47.3977419,8.5455939,1.9103626,2.360596,-2.4360738,-0.026663475,0.00025859685,0.0,0.3145436,-0.02301831,-0.057610027,-0.07104477,-0.10438153,-0.0015442814,-0.048996255,-0.06177877,0.13276574,0.078186326,1.559596,-0.006857901,488.0398,2.6260228,0.47362342,0.46026754,0.18471794,0.12130979,inf,inf,inf,inf,1,1,1,1,2,0,2,1,3,1,1,0,0
40000000,40000000,1200000,47.3977419,8.5455939,2.0676816,2.3671944,-2.4624858,-0.026663475,0.00025859685,0.0,0.30408213,-0.0064994968,-0.038524542,-0.055294856,-0.10438153,-0.0015442814,-0.048996255,-0.03174367,-0.13615693,-0.12650904,1.5591115,-0.006857901,488.0398,2.6524348,0.48509917,0.46205208,0.18897413,0.122417785,inf,inf,inf,inf,1,1,1,1,2,0,2,1,3,1,1,0,0
40500000,40500000,1200000,47.3977419,8.5455939,2.223215,2.360965,-2.4877236,-0.026663475,0.00025859685,0.0,0.30531582,-0.0051536825,-0.037125718,-0.05183424,-0.10438153,-0.0015442814,-0.048996255,-0.059493765,0.13407741,0.038060296,1.5593455,-0.006857901,488.0398,2.6776726,0.49712312,0.46388006,0.19353062,0.123513736,inf,inf,inf,inf,1,1,1,1,2,0,2,1,3,1,1,0,0
41000000,41000000,1200000,47.3977419,8.5455939,2.370972,2.358062,-2.4963365,-0.026663475,0.00025859685,0.0,0.2912327,-0.011145246,-0.026848646,-0.040514864,-0.10438153,-0.0015442814,-0.048996255,-0.0027656,-0.07110896,-0.0028946137,1.5593147,-0.006857901,488.0398,2.6862855,0.462596,0.45749664,0.17569831,0.120068945,inf,inf,inf,inf,1,1,1,1,2,0,2,1,3,1,1,0,0
41500000,41500000,1200000,47.3977419,8.5455939,2.5221229,2.343021,-2.4935164,-0.026663475,0.00025859685,0.0,0.28504527,-0.014523582,-0.017878117,-0.023685658,-0.10438153,-0.0015442814,-0.048996255,0.02916182,0.11132428,-0.039125852,1.5593314,-0.006857901,488.0398,2.6834655,0.47331882,0.45924896,0.18016782,0.12118949,inf,inf,inf,inf,1,1,1,1,2,0,2,1,3,1,1,0,0
42000000,42000000,1200000,47.3977419,8.5455939,2.6772768,2.3339162,-2.4899087,-0.026663475,0.00025859685,0.0,0.2782459,-0.0074830456,0.01735321,0.015612499,-0.10438153,-0.0015442814,-0.048996255,-0.0617215,-0.117634825,-0.2740408,1.5590407,-0.006857901,488.0398,2.6798577,0.4845717,0.46103224,0.18431178,0.12229485,inf,inf,inf,inf,1,1,1,1,2,0,2,1,3,1,1,0,0
42500000,42500000,1200000,47.3977419,8.5455939,2.81944,2.3199475,-2.4481823,-0.026663475,0.00025859685,0.0,0.22145331,-0.032805752,0.13482451,0.13898706,-0.10438153,-0.0015442814,-0.048996255,-0.13630038,-0.008387543,-0.47718084,1.558446,-0.006857901,488.0398,2.6381314,0.4963073,0.46694592,0.1882565,0.123916514,inf,inf,inf,inf,1,1,1,1,2,0,2,1,3,1,1,0,0
43000000,43000000,1200000,47.3977419,8.5455939,2.939988,2.3009555,-2.364179,-0.026663475,0.00025859685,0.0,0.16237354,-0.08892314,0.23448233,0.24013807,-0.10438153,-0.0015442814,-0.048996255,-0.47302476,-0.6417774,-0.68507063,1.5589263,-0.006857901,488.0398,2.554128,0.46235147,0.46046108,0.17162706,0.120440416,inf,inf,inf,inf,1,1,1,1,2,0,2,1,3,1,1,0,0
43500000,43500000,1200000,47.3977419,8.5455939,2.9935627,2.1775334,-2.338064,-0.026663475,0.00025859685,0.0,0.048211765,-0.31670615,-0.040994387,-0.031061899,-0.10438153,-0.0015442814,-0.048996255,-0.14157513,0.21790954,0.23711559,1.5580021,-0.006857901,488.0398,2.528013,0.47284618,0.46224213,0.17799032,0.12155529,inf,inf,inf,inf,1,1,1,1,2,0,2,1,3,1,1,0,0
44000000,44000000,1200000,47.3977419,8.5455939,3.0152986,2.0407577,-2.3265305,-0.026663475,0.00025859685,0.0,0.0012532262,-0.2777033,0.04796502,0.055619475,-0.10438153,-0.0015442814,-0.048996255,-0.24563964,-0.5211519,-0.8012848,1.5607862,-0.006857901,488.0398,2.5164795,0.48384088,0.46404004,0.18208505,0.12264854,inf,inf,inf,inf,1,1,1,1,2,0,2,1,3,1,1,0,0
44500000,44500000,1200000,47.3977419,8.5455939,3.016633,1.8449517,-2.3266451,-0.026663475,0.00025859685,0.0,-0.028269071,-0.42117852,0.11031664,0.12043058,-0.10438153,-0.0015442814,-0.048996255,-0.030955622,0.19038698,0.6124041,1.5616227,-0.006857901,488.0398,2.5165942,0.49551925,0.46587917,0.18713972,0.12374363,inf,inf,inf,inf,1,1,1,1,2,0,2,1,3,1,1,0,0
45000000,45000000,1200000,47.3977419,8.5455939,2.9977927,1.6393545,-2.2395115,-0.026663475,0.00025859685,0.0,-0.078897685,-0.4245582,0.16956669,0.17989172,-0.10438153,-0.0015442814,-0.048996255,-0.18995167,-0.34554538,-0.87474847,1.5604758,-0.006857901,488.0398,2.4294605,0.46188194,0.45943466,0.17031585,0.120284595,inf,inf,inf,inf,1,1,1,1,2,0,2,1,3,1,1,0,0
45500000,45500000,1200000,47.3977419,8.5455939,2.9648588,1.3969932,-2.1986973,-0.026663475,0.00025859685,0.0,-0.108034894,-0.4474025,0.15810935,0.16500045,-0.10438153,-0.0015442814,-0.048996255,-0.18042569,0.15851471,-0.26618415,1.5595773,-0.006857901,488.0398,2.3886464,0.47232056,0.46121198,0.1748589,0.12141328,inf,inf,inf,inf,1,1,1,1,2,0,2,1,3,1,1,0,0
46000000,46000000,1200000,47.3977419,8.5455939,2.9219296,1.1714752,-2.129553,-0.026663475,0.00025859685,0.0,-0.087477215,-0.4399015,0.04577734,0.05630289,-0.10438153,-0.0015442814,-0.048996255,0.08288798,-0.0115751065,-0.3983863,1.5594217,-0.006857901,488.0398,2.319502,0.48330143,0.4630072,0.17990252,0.122526295,inf,inf,inf,inf,1,1,1,1,2,0,2,1,3,1,1,0,0
46500000,46500000,1200000,47.3977419,8.5455939,2.887628,0.9493855,-2.088416,-0.026663475,0.00025859685,0.0,-0.090786666,-0.4080339,0.101132356,0.11456802,-0.10438153,-0.0015442814,-0.048996255,0.100306556,-0.02283065,0.591888,1.5604596,-0.006857901,488.0398,2.2783651,0.4948327,0.4648327,0.18487667,0.12362507,inf,inf,inf,inf,1,1,1,1,2,0,2,1,3,1,1,0,0
47000000,47000000,1200000,47.3977419,8.5455939,2.8298135,0.72312444,-2.0154974,-0.026663475,0.00025859685,0.0,-0.16709028,-0.46811432,0.16444628,0.17347963,-0.10438153,-0.0015442814,-0.048996255,-0.032953393,-0.07458406,-0.4055193,1.5597894,-0.006857901,488.0398,2.2054465,0.46151814,0.45842725,0.16912937,0.12017774,inf,inf,inf,inf,1,1,1,1,2,0,2,1,3,1,1,0,0
47500000,47500000,1200000,47.3977419,8.5455939,2.7549222,0.48654217,-1.9418898,-0.026663475,0.00025859685,0.0,-0.11828017,-0.38862383,0.19548419,0.20163637,-0.10438153,-0.0015442814,-0.048996255,0.10653663,0.26829866,0.22247054,1.5615379,-0.006857901,488.0398,2.1318388,0.47192964,0.46019173,0.17394622,0.12130429,inf,inf,inf,inf,1,1,1,1,2,0,2,1,3,1,1,0,0
48000000,48000000,1200000,47.3977419,8.5455939,2.7001474,0.2920525,-1.867596,-0.026663475,0.00025859685,0.0,-0.067338556,-0.36542425,0.03527678,0.04167712,-0.10438153,-0.0015442814,-0.048996255,0.15661898,-0.009260864,-0.5043,1.5662656,-0.006857901,488.0398,2.0575452,0.48288026,0.46198773,0.17903273,0.122416824,inf,inf,inf,inf,1,1,1,1,2,0,2,1,3,1,1,0,0
48500000,48500000,1200000,47.3977419,8.5455939,2.6554875,0.10068814,-1.8514935,-0.026663475,0.00025859685,0.0,-0.07136165,-0.33297807,0.012239518,0.017819898,-0.10438153,-0.0015442814,-0.048996255,0.15440856,0.10724169,-0.18090387,1.5701365,-0.006857901,488.0398,2.0414426,0.49440473,0.46379828,0.18410519,0.12350909,inf,inf,inf,inf,1,1,1,1,2,0,2,1,3,1,1,0,0
49000000,49000000,1200000,47.3977419,8.5455939,2.623764,-0.07448791,-1.8771963,-0.026663475,0.00025859685,0.0,-0.04471489,-0.32677642,-0.116208114,-0.112681866,-0.10438153,-0.0015442814,-0.048996255,0.044166427,-0.02062499,-0.28915334,1.5744656,-0.006857901,488.0398,2.0671453,0.50653714,0.4656359,0.18945868,0.124585465,inf,inf,inf,inf,1,1,1,1,2,0,2,1,3,1,1,0,0
49500000,49500000,1200000,47.3977419,8.5455939,2.5884733,-0.24707846,-1.9370171,-0.026663475,0.00025859685,0.0,-0.070762835,-0.2728197,-0.09382124,-0.08960169,-0.10438153,-0.0015442814,-0.048996255,0.017836558,0.16160534,0.07956282,1.5811294,-0.006857901,488.0398,2.1269662,0.47157264,0.4591674,0.17392603,0.121172614,inf,inf,inf,inf,1,1,1,1,2,0,2,1,3,1,1,0,0
50000000,50000000,1200000,47.3977419,8.5455939,2.5528877,-0.3978791,-1.9996483,-0.026663475,0.00025859685,0.0,-0.02029258,-0.31499332,-0.16313869,-0.15832792,-0.10438153,-0.0015442814,-0.048996255,0.08915391,-0.21438278,0.0020348765,1.5833263,-0.006857901,488.0398,2.1895974,0.48255047,0.4609481,0.17875923,0.12227847,inf,inf,inf,inf,1,1,1,1,2,0,2,1,3,1,1,0,0
50500000,50500000,1200000,47.3977419,8.5455939,2.531322,-0.57238233,-2.068778,-0.026663475,0.00025859685,0.0,-0.020638077,-0.29942772,-0.09285353,-0.08843878,-0.10438153,-0.0015442814,-0.048996255,-0.16486248,0.23625961,0.31376436,1.5836086,-0.006857901,488.0398,2.258727,0.4940615,0.46687156,0.18325727,0.12390447,inf,inf,inf,inf,1,1,1,1,2,0,2,1,3,1,1,0,0
51000000,51000000,1200000,47.3977419,8.5455939,2.494986,-0.71143275,-2.1083157,-0.026663475,0.00025859685,0.0,-0.09684105,-0.22363818,-0.10709599,-0.10269257,-0.10438153,-0.0015442814,-0.048996255,-0.41513887,0.123950265,0.016316706,1.5847138,-0.006857901,488.0398,2.2982647,0.46107355,0.46037447,0.16819178,0.12042755,inf,inf,inf,inf,1,1,1,1,2,0,2,1,3,1,1,0,0
51500000,51500000,1200000,47.3977419,8.5455939,2.363664,-0.79268813,-2.094044,-0.026663475,0.00025859685,0.0,-0.3441658,-0.022420403,0.22355828,0.22722769,-0.10438153,-0.0015442814,-0.048996255,-0.49916732,0.40899956,0.46094686,1.5904834,-0.006857901,488.0398,2.283993,0.47146478,0.46216872,0.17198351,0.1215459,inf,inf,inf,inf,1,1,1,1,2,0,2,1,3,1,1,0,0
52000000,52000000,1200000,47.3977419,8.5455939,2.168968,-0.805684,-2.005503,-0.026663475,0.00025859685,0.0,-0.34320945,-0.032669447,0.053984564,0.053265158,-0.10438153,-0.0015442814,-0.048996255,-0.5226495,-0.11824534,-0.40773493,1.5971113,-0.006857901,488.0398,2.195452,0.48228672,0.4639768,0.17682157,0.12265476,inf,inf,inf,inf,1,1,1,1,2,0,2,1,3,1,1,0,0
52500000,52500000,1200000,47.3977419,8.5455939,1.9569165,-0.8110109,-1.9298319,-0.026663475,0.00025859685,0.0,-0.4012035,0.060144182,0.23632933,0.23334256,-0.10438153,-0.0015442814,-0.048996255,0.10535197,0.17797667,-0.10845537,1.6006391,-0.006857901,488.0398,2.119781,0.49366352,0.4658148,0.18126264,0.12375181,inf,inf,inf,inf,1,1,1,1,2,0,2,1,3,1,1,0,0
53000000,53000000,1200000,47.3977419,8.5455939,1.7543197,-0.7932134,-1.8567963,-0.026663475,0.00025859685,0.0,-0.34804314,0.01062448,0.019982062,0.018566247,-0.10438153,-0.0015442814,-0.048996255,0.12316988,-0.15982756,-0.53006136,1.5987123,-0.006857901,488.0398,2.0467453,0.4608557,0.45938435,0.16762446,0.12029642,inf,inf,inf,inf,1,1,1,1,2,0,2,1,3,1,1,0,0
53500000,53500000,1200000,47.3977419,8.5455939,1.5484405,-0.7903449,-1.8549032,-0.026663475,0.00025859685,0.0,-0.45252994,0.08366227,0.14844635,0.14240122,-0.10438153,-0.0015442814,-0.048996255,-0.14752765,0.2937892,0.5712676,1.5977365,-0.006857901,488.0398,2.0448523,0.47120625,0.46114534,0.17224811,0.1214193,inf,inf,inf,inf,1,1,1,1,2,0,2,1,3,1,1,0,0
54000000,54000000,1200000,47.3977419,8.5455939,1.3161209,-0.7512311,-1.8029518,-0.026663475,0.00025859685,0.0,-0.36884996,0.033970196,-0.017190887,-0.028875614,-0.10438153,-0.0015442814,-0.048996255,0.105959825,-0.33267137,-0.58383775,1.5952939,-0.006857901,488.0398,1.992901,0.48207623,0.46295288,0.17723483,0.12253165,inf,inf,inf,inf,1,1,1,1,2,0,2,1,3,1,1,0,0
54500000,54500000,1200000,47.3977419,8.5455939,1.121081,-0.7477614,-1.8611771,-0.026663475,0.00025859685,0.0,-0.36649382,0.044363048,-0.14935556,-0.16436343,-0.10438153,-0.0015442814,-0.048996255,-0.43570516,0.3649624,-0.9495234,1.5914785,-0.006857901,488.0398,2.0511262,0.4935456,0.46477428,0.18277882,0.12362909,inf,inf,inf,inf,1,1,1,1,2,0,2,1,3,1,1,0,0
55000000,55000000,1200000,47.3977419,8.5455939,0.88874286,-0.6791262,-1.8704398,-0.026663475,0.00025859685,0.0,-0.40709743,0.16153412,0.035707183,0.02035769,-0.10438153,-0.0015442814,-0.048996255,0.28923234,-0.47359917,-0.95677745,1.5855871,-0.006857901,488.0398,2.0603888,0.4608091,0.45836806,0.16713801,0.12017322,inf,inf,inf,inf,1,1,1,1,2,0,2,1,3,1,1,0,0
55500000,55500000,1200000,47.3977419,8.5455939,0.6830833,-0.66403437,-1.9551913,-0.026663475,0.00025859685,0.0,-0.34907722,-0.027637249,-0.19503114,-0.21382366,-0.10438153,-0.0015442814,-0.048996255,0.07554379,0.30624905,0.64610213,1.5832103,-0.006857901,488.0398,2.1451404,0.47113562,0.46014196,0.17296304,0.121295616,inf,inf,inf,inf,1,1,1,1,2,0,2,1,3,1,1,0,0
56000000,56000000,1200000,47.3977419,8.5455939,0.48230067,-0.6291625,-2.0034356,-0.026663475,0.00025859685,0.0,-0.3400958,0.09686885,-0.08166082,-0.10563332,-0.10438153,-0.0015442814,-0.048996255,0.0112899095,-0.3458916,-0.73248893,1.5789316,-0.006857901,488.0398,2.1933846,0.4820513,0.46191785,0.17680681,0.12240115,inf,inf,inf,inf,1,1,1,1,2,0,2,1,3,1,1,0,0
56500000,56500000,1200000,47.3977419,8.5455939,0.2909944,-0.62761074,-2.0880861,-0.026663475,0.00025859685,0.0,-0.32521802,-0.034313165,-0.13225792,-0.15871048,-0.10438153,-0.0015442814,-0.048996255,0.02705451,0.22268099,0.20918056,1.5761424,-0.006857901,488.0398,2.2780352,0.49347773,0.46373844,0.18211372,0.12349548,inf,inf,inf,inf,1,1,1,1,2,0,2,1,3,1,1,0,0
57000000,57000000,1200000,47.3977419,8.5455939,0.10257709,-0.609683,-2.1444516,-0.026663475,0.00025859685,0.0,-0.31769103,0.07100717,-0.07993256,-0.11042981,-0.10438153,-0.0015442814,-0.048996255,0.05927976,-0.10582477,-0.3366806,1.5719513,-0.006857901,488.0398,2.3344007,0.4607664,0.45736942,0.16707751,0.12005508,inf,inf,inf,inf,1,1,1,1,2,0,2,1,3,1,1,0,0
57500000,57500000,1200000,47.3977419,8.5455939,-0.089291446,-0.5969396,-2.2016013,-0.026663475,0.00025859685,0.0,-0.2944677,0.0034852517,-0.027585756,-0.06439904,-0.10438153,-0.0015442814,-0.048996255,0.10562293,0.25240722,0.16264331,1.5684148,-0.006857901,488.0398,2.3915503,0.47110587,0.459115,0.17169796,0.121174306,inf,inf,inf,inf,1,1,1,1,2,0,2,1,3,1,1,0,0
58000000,58000000,1200000,47.3977419,8.5455939,-0.26334298,-0.56558794,-2.2036574,-0.026663475,0.00025859685,0.0,-0.23909734,0.10375002,0.122602746,0.08319873,-0.10438153,-0.0015442814,-0.048996255,0.2200531,0.08806496,0.39431536,1.5615396,-0.006857901,488.0398,2.3936064,0.48192704,0.4609066,0.17589824,0.12228397,inf,inf,inf,inf,1,1,1,1,2,0,2,1,3,1,1,0,0
58500000,58500000,1200000,47.3977419,8.5455939,-0.38995737,-0.49621662,-2.1391785,-0.026663475,0.00025859685,0.0,-0.20507006,0.14030917,0.18795484,0.14325857,-0.10438153,-0.0015442814,-0.048996255,0.0015607139,-0.24031752,-0.024465906,1.5539175,-0.006857901,488.0398,2.3291276,0.4932295,0.46680927,0.18030137,0.12390224,inf,inf,inf,inf,1,1,1,1,2,0,2,1,3,1,1,0,0
59000000,59000000,1200000,47.3977419,8.5455939,-0.49442378,-0.44143075,-2.0951936,-0.026663475,0.00025859685,0.0,-0.016680842,0.15461998,0.23367228,0.18529989,-0.10438153,-0.0015442814,-0.048996255,1.0973104,0.6923342,2.156934,1.5478638,-0.006857901,488.0398,2.2851427,0.4606274,0.4603255,0.16674626,0.12042428,inf,inf,inf,inf,1,1,1,1,2,0,2,1,3,1,1,0,0
59500000,59500000,1200000,47.3977419,8.5455939,-0.4635641,-0.27095887,-1.812818,-0.026663475,0.00025859685,0.0,0.09663525,0.40178376,0.6766079,0.62594014,-0.10438153,-0.0015442814,-0.048996255,-0.06474533,-0.5207349,-1.1561402,1.5390332,-0.006857901,488.0398,2.002767,0.47092703,0.4621094,0.1692371,0.12149863,inf,inf,inf,inf,1,1,1,1,2,0,2,1,3,1,1,0,0
60000000,60000000,1200000,47.3977419,8.5455939,-0.43782908,-0.14897779,-1.6224749,-0.026663475,0.00025859685,0.0,0.054224577,0.1611914,0.3589111,0.3040883,-0.10438153,-0.0015442814,-0.048996255,-0.052756783,0.05219615,0.19893509,1.5414965,-0.006857901,488.0398,1.8124241,0.48163325,0.4639067,0.17608392,0.12259638,inf,inf,inf,inf,1,1,1,1,2,0,2,1,3,1,1,0,0
60500000,60500000,1200000,47.3977419,8.5455939,-0.42396796,-0.056640312,-1.4603255,-0.026663475,0.00025859685,0.0,0.031696334,0.18903133,0.3213861,0.26760936,-0.10438153,-0.0015442814,-0.048996255,-0.05798337,-0.2317201,-0.5322537,1.5490485,-0.006857901,488.0398,1.6502746,0.49300027,0.4657492,0.18106447,0.12370226,inf,inf,inf,inf,1,1,1,1,2,0,2,1,3,1,1,0,0
61000000,61000000,1200000,47.3977419,8.5455939,-0.40260413,0.017051354,-1.3841559,-0.026663475,0.00025859685,0.0,0.08902903,0.14731836,0.12146514,0.07360705,-0.10438153,-0.0015442814,-0.048996255,0.24465217,0.21547455,0.28755695,1.5547547,-0.006857901,488.0398,1.574105,0.46045426,0.4593027,0.16781509,0.12025034,inf,inf,inf,inf,1,1,1,1,2,0,2,1,3,1,1,0,0
61500000,61500000,1200000,47.3977419,8.5455939,-0.3380838,0.11956742,-1.3427794,-0.026663475,0.00025859685,0.0,0.15305,0.23388338,0.038386445,-0.0028425439,-0.10438153,-0.0015442814,-0.048996255,0.055692334,-0.08271216,-0.6681364,1.5603976,-0.006857901,488.0398,1.5327286,0.47082865,0.461071,0.17250666,0.12138088,inf,inf,inf,inf,1,1,1,1,2,0,2,1,3,1,1,0,0
62000000,62000000,1200000,47.3977419,8.5455939,-0.24149185,0.22832078,-1.4045419,-0.026663475,0.00025859685,0.0,0.1891862,0.21549901,-0.1772175,-0.20948802,-0.10438153,-0.0015442814,-0.048996255,0.07123323,0.12654947,-0.046389237,1.5635535,-0.006857901,488.0398,1.594491,0.48176867,0.46287173,0.17824489,0.122498766,inf,inf,inf,inf,1,1,1,1,2,0,2,1,3,1,1,0,0
62500000,62500000,1200000,47.3977419,8.5455939,-0.12903157,0.34922925,-1.4988872,-0.026663475,0.00025859685,0.0,0.19857779,0.2344182,-0.14848937,-0.17713022,-0.10438153,-0.0015442814,-0.048996255,0.0063329837,-0.11321237,0.12024205,1.5653343,-0.006857901,488.0398,1.6888363,0.4932863,0.46468857,0.18265049,0.123598464,inf,inf,inf,inf,1,1,1,1,2,0,2,1,3,1,1,0,0
63000000,63000000,1200000,47.3977419,8.5455939,-0.015369047,0.46125343,-1.5707369,-0.026663475,0.00025859685,0.0,0.20539828,0.21689966,-0.117664605,-0.14008015,-0.10438153,-0.0015442814,-0.048996255,-0.06335374,0.058346536,0.08403224,1.5671388,-0.006857901,488.0398,1.760686,0.4606318,0.45829874,0.16760252,0.12015897,inf,inf,inf,inf,1,1,1,1,2,0,2,1,3,1,1,0,0
63500000,63500000,1200000,47.3977419,8.5455939,0.107698,0.5946094,-1.6301767,-0.026663475,0.00025859685,0.0,0.22839992,0.25251135,-0.10255661,-0.121781856,-0.10438153,-0.0015442814,-0.048996255,0.08411137,0.041361094,0.12918928,1.5676373,-0.006857901,488.0398,1.8201258,0.470999,0.4600553,0.17201322,0.121286035,inf,inf,inf,inf,1,1,1,1,2,0,2,1,3,1,1,0,0
64000000,64000000,1200000,47.3977419,8.5455939,0.24006604,0.7313716,-1.6793085,-0.026663475,0.00025859685,0.0,0.2385254,0.25017297,-0.085806884,-0.103126004,-0.10438153,-0.0015442814,-0.048996255,-0.060030665,0.05776043,-0.024517128,1.567257,-0.006857901,488.0398,1.8692577,0.48186922,0.46184516,0.1764502,0.12239912,inf,inf,inf,inf,1,1,1,1,2,0,2,1,3,1,1,0,0
64500000,64500000,1200000,47.3977419,8.5455939,0.37709436,0.87250423,-1.7133753,-0.026663475,0.00025859685,0.0,0.27241376,0.27891997,-0.03462651,-0.045859277,-0.10438153,-0.0015442814,-0.048996255,0.29234946,0.10979516,0.09247281,1.5630491,-0.006857901,488.0398,1.9033245,0.49325275,0.4636641,0.1811578,0.12349528,inf,inf,inf,inf,1,1,1,1,2,0,2,1,3,1,1,0,0
65000000,65000000,1200000,47.3977419,8.5455939,0.5455952,1.0398692,-1.7317551,-0.026663475,0.00025859685,0.0,0.33406454,0.33213747,-0.025616761,-0.03692845,-0.10438153,-0.0015442814,-0.048996255,-0.19659527,0.049210627,-0.22025877,1.5563645,-0.006857901,488.0398,1.9217043,0.46065658,0.4572976,0.1665453,0.12005675,inf,inf,inf,inf,1,1,1,1,2,0,2,1,3,1,1,0,0
65500000,65500000,1200000,47.3977419,8.5455939,0.7381516,1.2172191,-1.7578416,-0.026663475,0.00025859685,0.0,0.3901775,0.334446,-0.03188557,-0.037537713,-0.10438153,-0.0015442814,-0.048996255,-0.043886166,0.16670887,0.13066822,1.5550447,-0.006857901,488.0398,1.9477907,0.47094944,0.45905578,0.17133814,0.12117924,inf,inf,inf,inf,1,1,1,1,2,0,2,1,3,1,1,0,0
66000000,66000000,1200000,47.3977419,8.5455939,0.9268479,1.4017186,-1.773029,-0.026663475,0.00025859685,0.0,0.3167794,0.30521154,-0.06250844,-0.062217634,-0.10438153,-0.0015442814,-0.048996255,0.0028592602,-0.21596085,0.0035939105,1.5555239,-0.006857901,488.0398,1.9629781,0.48176754,0.46489242,0.17609517,0.1228044,inf,inf,inf,inf,1,1,1,1,2,0,2,1,3,1,1,0,0
66500000,66500000,1200000,47.3977419,8.5455939,1.1168838,1.5601714,-1.7894309,-0.026663475,0.00025859685,0.0,0.38647348,0.32424778,0.00071588793,0.0009075859,-0.10438153,-0.0015442814,-0.048996255,-0.00802685,0.2044604,-0.096398465,1.5592393,-0.006857901,488.0398,1.97938,0.49311715,0.46674472,0.18067606,0.123907655,inf,inf,inf,inf,1,1,1,1,2,0,2,1,3,1,1,0,0
67000000,67000000,1200000,47.3977419,8.5455939,1.2956327,1.7251731,-1.7667191,-0.026663475,0.00025859685,0.0,0.17482191,0.1907552,0.08080477,0.083108425,-0.10438153,-0.0015442814,-0.048996255,-1.1635772,-1.1014248,-0.65721387,1.5668234,-0.006857901,488.0398,1.9566683,0.4606018,0.46027496,0.16615684,0.12043306,inf,inf,inf,inf,1,1,1,1,2,0,2,1,3,1,1,0,0
67500000,67500000,1200000,47.3977419,8.5455939,1.3038874,1.7041239,-1.7625788,-0.026663475,0.00025859685,0.0,-0.16823338,-0.25987986,0.04770195,0.057256103,-0.10438153,-0.0015442814,-0.048996255,-0.57967466,-0.14418043,0.1735342,1.563906,-0.006857901,488.0398,1.952528,0.4708624,0.4620444,0.17176634,0.12151114,inf,inf,inf,inf,1,1,1,1,2,0,2,1,3,1,1,0,0
68000000,68000000,1200000,47.3977419,8.5455939,1.202086,1.6051205,-1.7055902,-0.026663475,0.00025859685,0.0,-0.28815597,-0.2473046,0.06382462,0.080982774,-0.10438153,-0.0015442814,-0.048996255,-0.13761128,-0.24930899,-0.5053096,1.5690539,-0.006857901,488.0398,1.8955394,0.48167118,0.4638537,0.17597044,0.12261625,inf,inf,inf,inf,1,1,1,1,2,0,2,1,3,1,1,0,0
68500000,68500000,1200000,47.3977419,8.5455939,1.0565233,1.4653693,-1.699717,-0.026663475,0.00025859685,0.0,-0.353273,-0.37332463,-0.027341839,-0.002913949,-0.10438153,-0.0015442814,-0.048996255,-0.25056586,-0.23473713,-0.6028069,1.5763999,-0.006857901,488.0398,1.8896662,0.49306196,0.46569276,0.1812744,0.12371187,inf,inf,inf,inf,1,1,1,1,2,0,2,1,3,1,1,0,0
69000000,69000000,1200000,47.3977419,8.5455939,0.8850144,1.2799182,-1.7167357,-0.026663475,0.00025859685,0.0,-0.3681662,-0.37110043,-0.07899143,-0.04943339,-0.10438153,-0.0015442814,-0.048996255,0.010968768,0.12894551,0.05355564,1.5812821,-0.006857901,488.0398,1.9066849,0.46052644,0.4592455,0.1671647,0.12024706,inf,inf,inf,inf,1,1,1,1,2,0,2,1,3,1,1,0,0
69500000,69500000,1200000,47.3977419,8.5455939,0.71613204,1.1057146,-1.715345,-0.026663475,0.00025859685,0.0,-0.37238476,-0.4073289,-0.036186766,0.003997778,-0.10438153,-0.0015442814,-0.048996255,-0.034739684,-0.2568935,-0.3458122,1.5857733,-0.006857901,488.0398,1.9052942,0.4708502,0.46102336,0.1716914,0.12137195,inf,inf,inf,inf,1,1,1,1,2,0,2,1,3,1,1,0,0
70000000,70000000,1200000,47.3977419,8.5455939,0.5407517,0.90251064,-1.7039151,-0.026663475,0.00025859685,0.0,-0.3816398,-0.42274976,-0.014536509,0.033055592,-0.10438153,-0.0015442814,-0.048996255,-0.063650936,0.038386155,-0.28647393,1.5866947,-0.006857901,488.0398,1.8938643,0.4816836,0.46280432,0.176321,0.12248021,inf,inf,inf,inf,1,1,1,1,2,0,2,1,3,1,1,0,0
70500000,70500000,1200000,47.3977419,8.5455939,0.36115634,0.70011723,-1.6921222,-0.026663475,0.00025859685,0.0,-0.37115985,-0.41576895,-0.054665226,0.002932804,-0.10438153,-0.0015442814,-0.048996255,-0.0011274755,0.12832053,0.009834703,1.5883242,-0.006857901,488.0398,1.8820714,0.4930669,0.46462995,0.1811841,0.12357925,inf,inf,inf,inf,1,1,1,1,2,0,2,1,3,1,1,0,0
71000000,71000000,1200000,47.3977419,8.5455939,0.1842316,0.5073388,-1.6761538,-0.026663475,0.00025859685,0.0,-0.35929987,-0.37409532,-0.045020495,0.020177975,-0.10438153,-0.0015442814,-0.048996255,0.05756068,0.05721274,-0.031037316,1.5908433,-0.006857901,488.0398,1.8661029,0.46053278,0.45823786,0.1668075,0.12013852,inf,inf,inf,inf,1,1,1,1,2,0,2,1,3,1,1,0,0
71500000,71500000,1200000,47.3977419,8.5455939,0.024590436,0.32497212,-1.6470323,-0.026663475,0.00025859685,0.0,-0.31951538,-0.3894389,-0.055216607,0.023544082,-0.10438153,-0.0015442814,-0.048996255,0.011825026,0.0075792545,0.056682087,1.5902258,-0.006857901,488.0398,1.8369814,0.47083738,0.45998865,0.17152247,0.121265545,inf,inf,inf,inf,1,1,1,1,2,0,2,1,3,1,1,0,0
72000000,72000000,1200000,47.3977419,8.5455939,-0.13123156,0.1382892,-1.6184593,-0.026663475,0.00025859685,0.0,-0.31623957,-0.3505555,-0.04210281,0.04513582,-0.10438153,-0.0015442814,-0.048996255,0.024400737,0.07251996,-0.020133395,1.5885277,-0.006857901,488.0398,1.8084085,0.481675,0.46178597,0.17626138,0.12238149,inf,inf,inf,inf,1,1,1,1,2,0,2,1,3,1,1,0,0
72500000,72500000,1200000,47.3977419,8.5455939,-0.28007287,-0.030021401,-1.5838057,-0.026663475,0.00025859685,0.0,-0.30494028,-0.3515155,-0.04743229,0.047787674,-0.10438153,-0.0015442814,-0.048996255,-0.012353687,-0.027771516,0.053064834,1.5851313,-0.006857901,488.0398,1.7737548,0.49305287,0.46358386,0.18112095,0.123474665,inf,inf,inf,inf,1,1,1,1,2,0,2,1,3,1,1,0,0
73000000,73000000,1200000,47.3977419,8.5455939,-0.43663433,-0.20810969,-1.5420188,-0.026663475,0.00025859685,0.0,-0.32089856,-0.3549112,-0.032431554,0.070782326,-0.10438153,-0.0015442814,-0.048996255,-0.014517387,0.0727791,0.036156673,1.5834148,-0.006857901,488.0398,1.7319679,0.46052378,0.4572323,0.16678134,0.12004164,inf,inf,inf,inf,1,1,1,1,2,0,2,1,3,1,1,0,0
73500000,73500000,1200000,47.3977419,8.5455939,-0.60433584,-0.3765747,-1.4822743,-0.026663475,0.00025859685,0.0,-0.33554515,-0.35523254,-0.017424162,0.09880909,-0.10438153,-0.0015442814,-0.048996255,-0.00052700716,-0.01969921,-0.050826058,1.5836412,-0.006857901,488.0398,1.6722234,0.47082874,0.45898488,0.17142278,0.12116525,inf,inf,inf,inf,1,1,1,1,2,0,2,1,3,1,1,0,0
74000000,74000000,1200000,47.3977419,8.5455939,-0.77637243,-0.5414572,-1.4191433,-0.026663475,0.00025859685,0.0,-0.33703113,-0.347782,-0.025541263,0.099079944,-0.10438153,-0.0015442814,-0.048996255,0.010018967,0.036770638,-0.10986073,1.5839348,-0.006857901,488.0398,1.6090925,0.48166072,0.46482933,0.17617112,0.122795284,inf,inf,inf,inf,1,1,1,1,2,0,2,1,3,1,1,0,0
74500000,74500000,1200000,47.3977419,8.5455939,-0.9462421,-0.703292,-1.3608896,-0.026663475,0.00025859685,0.0,-0.34022105,-0.3499061,-0.02064949,0.106309265,-0.10438153,-0.0015442814,-0.048996255,-0.035674762,0.016088141,0.041282672,1.5817267,-0.006857901,488.0398,1.5508387,0.49303746,0.46669066,0.18102194,0.12390101,inf,inf,inf,inf,1,1,1,1,2,0,2,1,3,1,1,0,0
75000000,75000000,1200000,47.3977419,8.5455939,-1.1171151,-0.876249,-1.2960596,-0.026663475,0.00025859685,0.0,-0.35034946,-0.36158234,-0.0072721313,0.12110422,-0.10438153,-0.0015442814,-0.048996255,-0.005618126,0.014610355,-0.004968669,1.5816923,-0.006857901,488.0398,1.4860088,0.4605149,0.46020472,0.16672106,0.12042746,inf,inf,inf,inf,1,1,1,1,2,0,2,1,3,1,1,0,0
75500000,75500000,1200000,47.3977419,8.5455939,-1.2919616,-1.0422055,-1.2263532,-0.026663475,0.00025859685,0.0,-0.3536157,-0.3529894,-0.004876707,0.12758803,-0.10438153,-0.0015442814,-0.048996255,0.016334921,-0.020005634,-0.06685412,1.582421,-0.006857901,488.0398,1.4163023,0.47081864,0.46198875,0.17142075,0.12155661,inf,inf,inf,inf,1,1,1,1,2,0,2,1,3,1,1,0,0
76000000,76000000,1200000,47.3977419,8.5455939,-1.4618065,-1.2105479,-1.1349655,-0.026663475,0.00025859685,0.0,-0.28752035,-0.3309806,0.2678925,0.39769834,-0.10438153,-0.0015442814,-0.048996255,0.46410486,0.2993874,1.5707768,1.5860573,-0.006857901,488.0398,1.3249147,0.48164052,0.4638043,0.17567831,0.12267125,inf,inf,inf,inf,1,1,1,1,2,0,2,1,3,1,1,0,0
76500000,76500000,1200000,47.3977419,8.5455939,-1.531703,-1.3008952,-0.7633618,-0.026663475,0.00025859685,0.0,0.01797435,0.025377223,0.8975756,1.0201362,-0.10438153,-0.0015442814,-0.048996255,0.41457665,0.8318071,1.2463944,1.5866812,-0.006857901,488.0398,0.95331097,0.49284345,0.46564713,0.17824927,0.12372954,inf,inf,inf,inf,1,1,1,1,2,0,2,1,3,1,1,0,0
77000000,77000000,1200000,47.3977419,8.5455939,-1.5124899,-1.2650282,-0.2572196,-0.026663475,0.00025859685,0.0,-0.042288553,-0.30426827,-0.25601998,-0.13603322,-0.10438153,-0.0015442814,-0.048996255,0.2520443,-0.40606382,4.127168,1.5765997,-0.006857901,488.0398,0.44716874,0.4604404,0.45920923,0.16451575,0.12024912,inf,inf,inf,inf,1,1,1,1,2,0,2,1,3,1,1,0,0
77500000,77500000,1200000,47.3977419,8.5455939,-1.5320548,-1.3714843,-0.16967276,-0.026663475,0.00025859685,0.0,-0.031087305,-0.23001328,0.039726913,0.14839706,-0.10438153,-0.0015442814,-0.048996255,-0.073189914,0.649132,-4.1293473,1.5725968,-0.006857901,488.0398,0.35962188,0.4708528,0.4607916,0.17635535,0.11567487,inf,inf,inf,inf,1,1,1,1,2,0,2,1,3,1,1,0,0
78000000,78000000,1200000,47.3977419,8.5455939,-1.541568,-1.3613138,-0.14127631,-0.026663475,0.00025859685,0.0,-0.031887233,-0.17954792,0.027752882,0.10244676,-0.10438153,-0.0015442814,-0.048996255,0.35798746,0.0011825191,1.6020851,1.5726193,-0.006857901,488.0398,0.33122545,0.48185655,0.46137062,0.18937038,0.111130215,inf,inf,inf,inf,1,1,1,1,2,0,2,1,3,1,1,0,0
78500000,78500000,1200000,47.3977419,8.5455939,-1.5430285,-1.3436884,-0.10891494,-0.026663475,0.00025859685,0.0,-0.027405603,-0.13255519,0.03676884,0.092311874,-0.10438153,-0.0015442814,-0.048996255,0.055496823,0.056910854,0.06026023,1.5733701,-0.006857901,488.0398,0.29886407,0.49383137,0.46111763,0.20781763,0.10824495,inf,inf,inf,inf,1,1,1,1,2,0,2,1,3,1,1,0,0
79000000,79000000,1200000,47.3977419,8.5455939,-1.5408202,-1.3254119,-0.09016644,-0.026663475,0.00025859685,0.0,-0.012970868,-0.08066175,0.030578125,0.06631585,-0.10438153,-0.0015442814,-0.048996255,0.016439505,-0.02854958,-0.25917873,1.5731779,-0.006857901,488.0398,0.1,0.46069926,0.45427257,0.19147713,0.10401419,inf,inf,inf,inf,1,1,1,1,2,0,2,1,3,1,1,1,0
79500000,79500000,1200000,47.3977419,8.5455939,-1.5352675,-1.2974728,-0.088811435,-0.026663475,0.00025859685,0.0,-0.003944324,-0.023803707,0.02491023,0.038048174,-0.10438153,-0.0015442814,-0.048996255,0.02976135,0.03675994,0.08644809,1.5736098,-0.006857901,488.0398,0.1,0.4716125,0.4533669,0.19709545,0.10412579,inf,inf,inf,inf,1,1,1,1,2,0,2,1,3,1,1,1,0
80000000,80000000,1200000,47.3977419,8.5455939,-1.5321814,-1.2822032,-0.09156981,-0.026663475,0.00025859685,0.0,0.00013694295,0.0071644555,0.01595034,0.016139979,-0.10438153,-0.0015442814,-0.048996255,-0.015450584,-0.015341825,-0.13012351,1.5738919,-0.006857901,488.0398,0.1,0.48343197,0.45234343,0.20231949,0.10527894,inf,inf,inf,inf,1,1,1,1,2,0,2,1,3,1,1,1,0
80500000,80500000,1200000,47.3977419,8.5455939,-1.5332755,-1.2723452,-0.09322672,-0.026663475,0.00025859685,0.0,-0.0023349966,0.027192902,0.0052758814,0.0014072862,-0.10438153,-0.0015442814,-0.048996255,0.031528145,0.103632174,0.07426266,1.5744455,-0.006857901,488.0398,0.1,0.49603653,0.4514345,0.20698605,0.10723841,inf,inf,inf,inf,1,1,1,1,2,0,2,1,3,1,1,1,0
81000000,81000000,1200000,47.3977419,8.5455939,-1.5336386,-1.2672184,-0.09521452,-0.026663475,0.00025859685,0.0,-0.0029253694,0.03357102,-0.0005311585,-0.0032615033,-0.10438153,-0.0015442814,-0.048996255,0.24371345,0.597531,0.14617287,1.5750363,-0.006857901,488.0398,0.1,0.46178386,0.44557276,0.18539885,0.10665124,inf,inf,inf,inf,1,1,1,1,2,0,2,1,3,1,1,1,0
81500000,81500000,1200000,47.3977419,8.5455939,-1.534431,-1.2609977,-0.09637871,-0.026663475,0.00025859685,0.0,-0.009141071,0.059922915,-0.0011529843,-0.0028526448,-0.10438153,-0.0015442814,-0.048996255,0.011533451,-0.015260145,-0.0775634,1.5755438,-0.006857901,488.0398,0.1,0.47285372,0.44533005,0.18905146,0.109455384,inf,inf,inf,inf,1,1,1,1,2,0,2,1,3,1,1,1,0
